778556
778549
778536
778525
778507
778491
778478
778465
778446
778435
778426
778404
778386
778377
778372
778362
778344
778322
778311
778297
778273
778258
778241
778231
778217
778200
778185
778170
778156
778170
778127
778114
778095
778081
778064
778056
778025
778009
778000
777984
777970
777958
777935
777923
777913
777906
777886
777871
777845
777837
777816
777810
777795
777775
777759
777741
777724
777727
777716
777701
777685
777665
777651
777637
777615
777600
777585
777581
777558
777545
777531
777509
777499
777479
777462
777448
777435
777418
777408
777384
777368
777354
777345
777323
777310
777295
777283
777274
777260
777242
777231
777214
777212
777188
777172
777152
777132
777116
777108
777094
777079
777066
777046
777027
777021
777016
777003
776987
776966
778372
776962
776948
776920
776900
776893
776872
776854
776836
776823
776808
776788
776768
776757
776747
776735
776723
776710
776694
776679
776661
776646
776630
776614
776596
776582
776567
776546
776527
776515
776503
776491
776475
776457
776436
776423
776393
776385
776369
776353
776343
776322
776316
776305
776290
776269
776260
776245
776229
776217
776206
776186
776177
776159
776145